Base.
char 1
short 2
int 4
long 4
long long 8
float 4
double 8
long double 16
bool 1
void* 8

1.
-486540128
83
-486540128
83
380803264
32765
-486540128
83
42
0

2.
8
0
1
0
0
0
64
0
1832909440
53

3.
=== -O0 ===
148051488
353
147980288
353
156901448
32759
424175371
32765
3
0
=== -O1 ===
380803264
32765
-1191183248
197
42
0
380015399
32765
801251392
32758
=== -O2 ===
-822085680
70
-822085680
70
380803264
32765
-822085680
70
42
0
=== -O3 ===
461372880
48
461372880
48
380803264
32765
461372880
48
42
0